0.0
3.7798699922693766
7.083011753223298
9.946967592374111
12.409279819234168
14.507490743315817
16.279142674131403
17.76177792119328
18.99293879401379
20.01016760210528
20.851006654980115
21.552998262150624
22.15329168850424
22.649301137840002
22.965155561667068
23.01708205473814
22.757067307846885
22.34950020176493
22.036885074368705
22.064251702930743
22.69922946731937
24.221580368284624
26.660144931981023
29.321742163708823
31.386939143901543
32.4327573640142
32.84256948242403
33.096288164647184
33.59059457621775
34.57425719898618
35.87113669779775
36.9045363747056
37.201893478093
37.050611186654514
37.03279161925529
37.55345954183231
38.60323205905204
40.11377812227627
42.013387076974006
44.156408537655714
46.325299225446926
48.3346137546139
50.39521272065021
52.96834525416238
56.218286416645185
59.06679845046057
60.114991486092734
58.3849209650815
55.86300270501026
55.808981869124764
60.720000663674554
69.22606096142158
78.74192976820966
86.884967115006
93.05628879728725
97.58254789799462
100.79687927496889
102.90984204245707
103.9147901372358
103.80941652106722
102.99395245393852
102.18074931998832
102.06359423867856
102.71786698118024
103.59844452652258
104.14990002877211
104.49277697719003
105.61293184836981
107.63956928409297
109.5564899654321
110.79617846332533
111.6089510857224
112.31302194323484
113.11690732673924
114.09965137415942
115.37892696317864
117.21266467435603
119.88537840036278
123.43353367643398
126.78902233745511
128.6218877606232
128.75041014590806
128.2006496429104
128.03558172270527
128.67197365241657
129.76524378598006
130.93237471835505
131.8289569476858
132.18107511126482
132.2821127329047
132.767611058142
134.16298623571575
136.06067714644746
137.59958807683725
137.9235085320882
136.9534692689996
136.03225749156383
136.34155038648126
137.36298572377115
138.0035001007753
137.52786346837883
136.50284218208373
135.7768689904982
135.72718676361512
136.1582264160962
136.85123648833337
137.6076344934886
138.23547017654263
138.70416433644343
139.18062320967516
139.68263480424545
139.99249648568727
139.8854586308617
139.4200440463353
138.94809737228599
138.73336238753558
138.76847396315006
139.0013784423922
139.39786498699107
139.99416065351997
140.84387167114798
141.93361808139042
142.82288114075845
142.93635158500996
142.39155618410197
141.96494466217865
142.40441073990368
143.70864270607652
145.32932677618294
146.6816872078661
147.17054861626116
146.25443393922632
144.15946250797163
141.684530610867
139.64225867580458
138.83604662395507
139.80171911427095
142.77050341225743
147.54692729393068
153.02511113026148
157.97681394764888
161.21400386917483
162.6744662136324
163.4743261284824
163.83178470395296
163.27772947508845
161.4526327039163
158.94707152917246
156.7897728647287
156.0116480491259
157.01244756090264
158.13208328344973
158.0596369726501
157.22445637628968
156.29481660151018
155.91022183377675
156.01966756756985
155.87691468419766
155.3026844715126
154.9928073810361
155.5274448522042
156.5876694798635
157.60640675965416
158.34962089647127
158.8233290606974
159.0382795953465
158.96259050395642
158.49285587343473
157.5275415569261
156.26092691425995
155.24853003939728
155.06054626561877
155.77545330837896
156.67618928842865
156.97585054878513
156.39736375215557
155.77690867518143
156.0972770541169
157.8331853197786
159.92666911032035
161.0318993529555
160.02553935353455
157.66564449995275
155.65611090171114
155.70799398745856
159.12532122755718
164.64140833372343
169.98874917076824
172.9760563844741
173.5796120230738
174.1646102478364
176.20000888903033
178.40176033092249
179.09390681300275
177.984411208571
176.06980166421155
174.3820003066248
173.47437053172143
173.30812886865576
173.80775313459424
174.8459409276716
175.88646634219373
176.1990285551376
175.12213480741912
172.86311451816402
170.21504187939624
167.80884082711427
165.98065939508956
165.03795473811041
165.195697400618
166.14380667625375
167.3871534663821
168.44342366160348
169.18255860088956
169.85880698640207
170.74586599806307
172.0586601920062
173.54428001152337
174.72627958327274
175.1481024328713
174.6553151733732
173.3180208281552
171.21165245454998
168.41164310989004
165.13421936789769
162.4310764144241
161.66089371702122
164.01334930155156
168.96418577622117
174.99400602273164
180.57115716115786
184.1933260293449
185.3832004436084
184.93172642434675
183.70853380960094
182.56774388595187
181.85672473514896
181.31532969542116
180.66456287039233
180.06455109327564
180.13578859152855
181.1176003980059
182.63231418888142
184.25076537980274
185.74636029071675
187.3966434059905
189.5143559550094
191.96019743706614
194.31911141140208
196.17228586670896
197.265774452272
197.81614110112255
198.1238977533902
198.50727879260526
199.305451779911
200.85879133949243
203.26707013968297
205.44982520946803
205.96528764824524
203.3715958547977
196.2327644193464
184.53632715526487
171.53796256528236
160.9485119070893
155.22212343901924
153.32403950855843
153.61894729660435
154.52915910889527
155.39776003621495
156.30782888650057
157.36111092314587
158.51322348624336
159.48703477316585
159.98464271391163
159.84604235772886
159.79574431401602
160.90753650956572
164.2560007957775
170.4556201906287
178.55526104977554
187.2710806476091
195.31923625852056
201.5650663647819
206.124531154549
209.73781049269286
213.14965827334288
216.73587930361018
219.57159981845157
220.44546868507825
218.14613477070125
211.46642785328368
199.52261081200754
181.9791623567959
158.55366105365152
128.96727125064058
94.38359603654345
59.61031268531426
30.021720618268777
10.992119256722813
7.663717300945008
18.70500311459748
35.6089138520519
49.49546343777806
51.48466579624572
32.69653485192464
-15.74891547071541
