1 1
6 1
11 1
16 1
21 1
26 1
30 1
34 1
38 1
42 1
46 1
50 1
54 1
57 1
60 1
63 1
66 1
69 1
72 1
75 1
78 1
81 1
84 1
87 1
90 1
93 1
96 1
99 1
102 1
105 1
108 1
111 1
114 1
117 1
120 1
123 1
126 1
129 1
132 1
135 1
138 1
141 1
144 1
147 1
150 1
153 1
156 1
159 1
162 1
165 1
168 1
171 1
174 1
177 1
180 1
183 1
186 1
189 1
192 2
195 1
198 2
201 1
204 2
207 1
210 1
213 1
216 1
218 1
221 2
224 1
227 1
230 1
233 2
236 1
239 2
242 1
245 2
248 1
250 1
252 1
254 1
256 1
258 1
260 1
262 1
264 1
267 1
270 1
273 1
276 1
279 1
281 1
283 1
285 1
287 1
289 1
291 1
293 1
296 1
300 1
304 1