0.0
3.779869992269378
7.0830117532233
9.946967592374113
12.409279819234172
14.507490743315818
16.279142674131403
17.76177792119328
18.99293879401379
20.01016760210528
20.851006654980115
21.552998262150624
22.15329168850424
22.64930113784
22.965155561667068
23.01708205473814
22.75706730784688
22.349500201764926
22.036885074368705
22.064251702930743
22.699229467319366
24.221580368284624
26.66014493198102
29.32174216370882
31.386939143901532
32.4327573640142
32.84256948242403
33.09628816464718
33.59059457621775
34.57425719898618
35.87113669779776
36.90453637470561
37.201893478093
37.050611186654514
37.03279161925529
37.55345954183231
38.60323205905203
40.11377812227627
42.013387076974
44.15640853765572
46.32529922544692
48.3346137546139
50.39521272065021
52.96834525416237
56.21828641664519
59.06679845046057
60.114991486092734
58.3849209650815
55.86300270501027
55.808981869124764
60.72000066367455
69.22606096142157
78.74192976820964
86.884967115006
93.05628879728727
97.58254789799463
100.79687927496889
102.90984204245706
103.91479013723577
103.8094165210672
102.99395245393849
102.18074931998831
102.06359423867855
102.71786698118025
103.59844452652258
104.14990002877212
104.49277697719005
105.61293184836981
107.63956928409299
109.5564899654321
110.79617846332533
111.6089510857224
112.31302194323484
113.11690732673922
114.09965137415942
115.37892696317866
117.212664674356
119.88537840036275
123.43353367643398
126.78902233745512
128.6218877606232
128.75041014590806
128.20064964291043
128.0355817227053
128.6719736524166
129.76524378598003
130.93237471835508
131.8289569476858
132.18107511126482
132.2821127329047
132.76761105814197
134.16298623571572
136.06067714644746
137.59958807683722
137.92350853208814
136.95346926899964
136.03225749156383
136.34155038648123
137.36298572377115
138.0035001007753
137.52786346837883
136.50284218208373
135.77686899049823
135.72718676361512
136.1582264160962
136.85123648833337
137.6076344934886
138.23547017654263
138.70416433644343
139.18062320967516
139.68263480424548
139.9924964856873
139.8854586308617
139.4200440463353
138.94809737228599
138.73336238753558
138.76847396315006
139.00137844239222
139.3978649869911
139.99416065351997
140.84387167114798
141.93361808139042
142.82288114075845
142.93635158500996
142.39155618410197
141.96494466217865
142.40441073990368
143.70864270607652
145.32932677618294
146.6816872078661
147.1705486162611
146.25443393922632
144.15946250797163
141.684530610867
139.64225867580456
138.83604662395507
139.80171911427095
142.77050341225743
147.54692729393068
153.0251111302615
157.97681394764888
161.2140038691748
162.6744662136324
163.4743261284824
163.83178470395293
163.27772947508848
161.45263270391624
158.94707152917243
156.78977286472872
156.0116480491259
157.01244756090267
158.13208328344976
158.0596369726501
157.22445637628968
156.2948166015102
155.91022183377677
156.01966756756985
155.87691468419766
155.3026844715126
154.99280738103613
155.5274448522042
156.58766947986348
157.60640675965416
158.34962089647127
158.8233290606974
159.03827959534647
158.96259050395642
158.49285587343473
157.5275415569261
156.26092691425995
155.24853003939728
155.06054626561877
155.77545330837899
156.67618928842865
156.9758505487851
156.39736375215557
155.7769086751814
156.0972770541169
157.8331853197786
159.92666911032032
161.0318993529555
160.0255393535345
157.66564449995272
155.65611090171117
155.70799398745856
159.12532122755718
164.64140833372343
169.98874917076824
172.97605638447413
173.57961202307382
174.16461024783644
176.20000888903033
178.40176033092249
179.09390681300272
177.98441120857098
176.06980166421152
174.38200030662483
173.47437053172146
173.30812886865579
173.8077531345942
174.8459409276716
175.8864663421937
176.19902855513763
175.1221348074191
172.86311451816397
170.21504187939624
167.80884082711424
165.98065939508953
165.03795473811041
165.19569740061795
166.14380667625375
167.3871534663821
168.44342366160345
169.18255860088954
169.85880698640204
170.74586599806307
172.0586601920062
173.54428001152334
174.72627958327274
175.1481024328713
174.65531517337322
173.31802082815523
171.21165245454998
168.41164310989006
165.13421936789766
162.4310764144241
161.66089371702122
164.01334930155156
168.96418577622117
174.99400602273164
180.57115716115786
184.1933260293449
185.3832004436084
184.93172642434675
183.7085338096009
182.56774388595187
181.85672473514896
181.31532969542116
180.66456287039233
180.06455109327564
180.13578859152855
181.1176003980059
182.6323141888814
184.25076537980274
185.74636029071675
187.3966434059905
189.51435595500942
191.96019743706617
194.31911141140208
196.172285866709
197.265774452272
197.81614110112258
198.12389775339022
198.50727879260523
199.30545177991098
200.85879133949246
203.26707013968297
205.44982520946803
205.9652876482452
203.3715958547977
196.23276441934644
184.53632715526484
171.53796256528236
160.9485119070893
155.22212343901924
153.3240395085584
153.61894729660432
154.52915910889524
155.39776003621495
156.30782888650057
157.3611109231459
158.5132234862434
159.48703477316585
159.98464271391163
159.84604235772883
159.79574431401602
160.90753650956572
164.25600079577748
170.45562019062868
178.55526104977548
187.27108064760904
195.31923625852056
201.56506636478184
206.12453115454898
209.73781049269286
213.14965827334288
216.73587930361018
219.57159981845163
220.44546868507828
218.1461347707013
211.46642785328376
199.52261081200754
181.9791623567959
158.55366105365155
128.96727125064058
94.38359603654344
59.610312685314256
30.02172061826878
10.992119256722829
7.663717300945023
18.705003114597478
35.608913852051906
49.49546343777805
51.4846657962457
32.69653485192462
-15.748915470715417
